-10.767902
-27.374769
-15.637335
-155.903325
-29.898875
-21.671038
-17.520503
-9.517602
-19.965243
-15.503602
-17.117827
-16.923615
-19.375420
-8.848263
-13.042640
-15.173657
-24.210562
-61.683748
-31.258880
-69.515748
-52.885769
-15.906563
-15.256117
-37.845282
-20.891952
-9.618879
-17.828782
-32.282991
-57.819232
-35.807014
-291.392343
-20.989768
-12.058744
-8.065062
-50.199686
-31.966146
-19.896575
-61.902782
-13.307192
-6.956274
-77.808094
-51.647206
-10.924725
-311.154963
-9.484655
-29.385538
-79.112620
-47.374590
-34.935779
-16.934731
-21.687315
-88.027105
-19.032357
-14.751130
-28.303916
-16.317209
-37.409405
-8.965231
-17.976429
-12.039822
-16.787489
-7.622950
-32.960142
-25.131912
-9.557514
-10.857060
-22.322430
-33.739833
-17.839191
-20.217894
-97.463210
-14.277746
-7.751900
-23.757184
-30.820011
-28.054000
-52.691087
-15.213980
-35.080898
-21.400024
-20.459699
-9.980819
-23.983920
-63.976424
-109.941595
-26.820612
-15.708524
-16.593405
-14.389562
-33.062818
-29.479960
-32.633668
-12.031406
-14.663743
-27.228791
-10.859019
-32.735766
-29.804317
-16.480983
-29.177752
